%YAML:1.0
K1: !!opencv-matrix
   rows: 3
   cols: 3
   dt: d
   data: [ 5.7997950835080553e+02, 0., 3.1295888425350620e+02, 0.,
       5.7819998625099618e+02, 2.4885853713651699e+02, 0., 0., 1. ]
K2: !!opencv-matrix
   rows: 3
   cols: 3
   dt: d
   data: [ 5.4508388255084640e+02, 0., 3.2017248150657076e+02, 0.,
       5.4309564315613750e+02, 2.3822275885987477e+02, 0., 0., 1. ]
D1: !!opencv-matrix
   rows: 1
   cols: 5
   dt: d
   data: [ -7.7375792057658904e-02, 4.0161262549898158e-01,
       6.2697497821397382e-03, -2.3067121307686527e-03,
       -8.1143781741208298e-01 ]
D2: !!opencv-matrix
   rows: 1
   cols: 5
   dt: d
   data: [ 2.2367724861333954e-02, 8.7796645382730534e-02,
       7.1496673541507939e-03, 1.9730965317898076e-03,
       -4.7766926858443348e-01 ]
R: !!opencv-matrix
   rows: 3
   cols: 3
   dt: d
   data: [ 3.0367724637484984e-02, 9.5309891121598611e-01,
       3.0113164353691457e-01, -9.5358013480430348e-01,
       1.1792897927245616e-01, -2.7708786035184335e-01,
       -2.9960428536145467e-01, -2.7873862539421773e-01,
       9.1243742300850073e-01 ]
T: [ -2.3396060410403061e+02, 1.8533522758353016e+02,
    1.5209511556531143e+02 ]
E: !!opencv-matrix
   rows: 3
   cols: 3
   dt: d
   data: [ 8.9507652391379679e+01, -6.9596508304701132e+01,
       2.1125050759096877e+02, -6.5476817007128474e+01,
       7.9747831862209637e+01, 2.5927506281831296e+02,
       2.1747197524353552e+02, -2.0423353885178511e+02,
       9.0173415102940027e+00 ]
F: !!opencv-matrix
   rows: 3
   cols: 3
   dt: d
   data: [ -1.1420696258187148e-06, 8.9074714400455854e-07,
       -1.4275509860199635e-03, 8.3850758535578781e-07,
       -1.0244078401392094e-06, -1.9332044020600025e-03,
       -1.3466051095421313e-03, 1.3836559686152133e-03, 1. ]
R1: !!opencv-matrix
   rows: 3
   cols: 3
   dt: d
   data: [ 6.8480798362568918e-01, 7.2696061913529386e-01,
       -5.0658501645309773e-02, -7.2813769933563433e-01,
       6.7981509092391923e-01, -8.7561024196345164e-02,
       -2.9215002459819756e-02, 9.6848853263905632e-02,
       9.9487023437870492e-01 ]
R2: !!opencv-matrix
   rows: 3
   cols: 3
   dt: d
   data: [ 6.9840655701147447e-01, -5.5325270972542095e-01,
       -4.5402612293221323e-01, 5.9945174271016688e-01,
       7.9876964210002055e-01, -5.1231504185890155e-02,
       3.9100625223277691e-01, -2.3638633217866920e-01,
       8.8951425658838879e-01 ]
P1: !!opencv-matrix
   rows: 3
   cols: 4
   dt: d
   data: [ 5.4309564315613750e+02, 0., 5.4477970421314240e+02, 0., 0.,
       5.4309564315613750e+02, 3.1771831583976746e+02, 0., 0., 0., 1.,
       0. ]
P2: !!opencv-matrix
   rows: 3
   cols: 4
   dt: d
   data: [ 5.4309564315613750e+02, 0., 5.4477970421314240e+02,
       -1.8193269161559342e+05, 0., 5.4309564315613750e+02,
       3.1771831583976746e+02, 0., 0., 0., 1., 0. ]
Q: !!opencv-matrix
   rows: 4
   cols: 4
   dt: d
   data: [ 1., 0., 0., -5.4477970421314240e+02, 0., 1., 0.,
       -3.1771831583976746e+02, 0., 0., 0., 5.4309564315613750e+02, 0.,
       0., 2.9851459808204637e-03, 0. ]
