%YAML:1.0
K: !!opencv-matrix
   rows: 3
   cols: 3
   dt: d
   data: [ 5.4508388255084640e+02, 0., 3.2017248150657076e+02, 0.,
       5.4309564315613750e+02, 2.3822275885987477e+02, 0., 0., 1. ]
D: !!opencv-matrix
   rows: 1
   cols: 5
   dt: d
   data: [ 2.2367724861333954e-02, 8.7796645382730534e-02,
       7.1496673541507939e-03, 1.9730965317898076e-03,
       -4.7766926858443348e-01 ]
board_width: 13
board_height: 13
square_size: 30.
