%YAML:1.0
K: !!opencv-matrix
   rows: 3
   cols: 3
   dt: d
   data: [ 5.7997950835080553e+02, 0., 3.1295888425350620e+02, 0.,
       5.7819998625099618e+02, 2.4885853713651699e+02, 0., 0., 1. ]
D: !!opencv-matrix
   rows: 1
   cols: 5
   dt: d
   data: [ -7.7375792057658904e-02, 4.0161262549898158e-01,
       6.2697497821397382e-03, -2.3067121307686527e-03,
       -8.1143781741208298e-01 ]
board_width: 13
board_height: 13
square_size: 30.
